18 6 -5 1 1 1 0 0 1 3 3 0 0 1 19 12 3 0 0 0 0 6 1 0 0 0 4 5
3 14 7 2 1 0 0 0 4 2 1 0 0 8 10 4 1 0 2 0 0 3 1 3 0 0 2 1
5 11 7 2 1 0 0 0 3 2 2 0 0 12 9 1 0 0 3 0 0 3 0 4 0 0 2 0
14 8 -1 2 1 0 0 0 2 2 3 0 0 16 8 -5 0 1 2 0 0 2 2 3 0 0 3 2
20 2 -5 0 1 2 0 0 0 2 5 0 0 11 10 -5 1 0 2 0 0 3 1 3 0 0 3 2
10 10 -2 2 0 1 0 0 3 1 3 0 0 12 10 -5 0 0 3 0 0 3 1 3 0 0 0 1
15 8 -4 1 2 0 0 0 2 2 3 0 0 17 6 -4 1 0 2 0 0 2 0 5 0 0 1 2
19 4 -4 1 1 1 0 0 1 1 5 0 0 5 12 -1 2 0 1 0 0 4 0 3 0 0 0 0
14 9 -3 3 0 0 0 0 3 0 4 0 0 2 19 10 2 1 0 0 0 6 1 0 0 0 0 1
8 11 1 2 0 1 0 0 3 2 2 0 0 7 11 2 0 2 1 0 0 3 2 2 0 0 3 2
13 9 -1 3 0 1 0 0 3 0 5 0 0 18 6 -6 0 2 2 0 0 1 3 4 0 0 1 1
19 5 -4 1 1 2 0 0 1 2 5 0 0 3 17 8 2 1 1 0 0 5 2 1 0 0 0 0
12 10 -6 2 1 1 0 0 3 1 4 0 0 1 22 13 4 0 0 0 0 7 1 0 0 0 0 5
6 13 -1 2 0 2 0 0 4 1 3 0 0 9 11 0 0 1 3 0 0 3 2 3 0 0 1 0
17 8 -6 2 1 1 0 0 2 2 4 0 0 12 10 -3 1 1 2 0 0 3 1 4 0 0 1 2
2 22 11 4 0 0 0 0 7 1 0 0 0 20 5 -4 0 0 4 0 0 1 2 5 0 0 3 1
7 13 -4 3 1 0 0 0 4 1 3 0 0 16 8 -5 1 0 3 0 0 2 2 4 0 0 3 1
8 11 1 3 0 1 0 0 3 2 3 0 0 5 14 9 1 1 2 0 0 4 2 2 0 0 0 5
14 9 -3 1 0 3 0 0 3 0 5 0 0 6 14 2 1 2 1 0 0 4 2 2 0 0 2 1
12 10 3 2 1 1 0 0 3 1 4 0 0 15 9 -4 0 0 4 0 0 3 0 5 0 0 2 2
1 25 18 3 1 0 0 0 8 1 0 0 0 13 10 -1 0 0 4 0 0 3 1 5 0 0 3 1
3 18 8 3 1 0 0 0 5 3 1 0 0 15 10 -11 1 0 3 0 0 3 1 5 0 0 1 2
4 17 14 3 1 0 0 0 5 2 2 0 0 9 12 -2 2 0 2 0 0 4 0 5 0 0 4 0
11 11 -1 3 1 0 0 0 3 2 4 0 0 2 25 13 3 1 0 0 0 8 1 0 0 0 2 0
18 7 -6 1 1 2 0 0 1 4 4 0 0 13 11 -4 0 2 2 0 0 3 2 4 0 0 1 0
17 8 -7 1 2 1 0 0 2 2 5 0 0 16 8 -7 0 1 3 0 0 2 2 5 0 0 1 2
20 5 -6 1 2 1 0 0 1 2 6 0 0 12 11 3 1 0 3 0 0 3 2 4 0 0 0 1
15 10 -4 3 0 1 0 0 3 1 5 0 0 19 6 -4 0 1 3 0 0 1 3 5 0 0 0 1
8 14 1 3 0 1 0 0 4 2 3 0 0 6 16 -2 1 0 3 0 0 5 1 3 0 0 0 0
10 13 -2 2 0 2 0 0 4 1 4 0 0 6 16 0 2 1 1 0 0 5 1 3 0 0 2 4
4 19 2 3 0 2 0 0 6 1 3 0 0 19 8 -8 1 0 4 0 0 2 2 6 0 0 1 2
19 9 -3 1 2 2 0 0 2 3 5 0 0 20 5 -7 0 0 5 0 0 1 2 7 0 0 0 3
5 18 7 3 1 1 0 0 5 3 2 0 0 18 10 -5 0 1 4 0 0 3 1 6 0 0 1 2
11 13 -10 2 1 2 0 0 4 1 5 0 0 16 10 -3 0 0 5 0 0 3 1 6 0 0 3 2
12 12 -6 2 0 3 0 0 4 0 6 0 0 17 10 -5 0 3 2 0 0 2 4 4 0 0 5 3
15 11 -6 2 1 2 0 0 3 2 5 0 0 8 15 1 1 2 2 0 0 4 3 3 0 0 2 1
2 25 11 5 0 0 0 0 8 1 1 0 0 12 13 -4 2 1 2 0 0 4 1 5 0 0 2 0
6 17 -2 4 1 0 0 0 5 2 3 0 0 3 20 18 2 1 2 0 0 6 2 2 0 0 1 2
14 11 -5 3 0 2 0 0 3 2 5 0 0 1 28 20 5 0 0 0 0 9 1 0 0 0 2 4
10 14 4 2 2 1 0 0 4 2 4 0 0 11 14 1 0 1 4 0 0 4 2 4 0 0 1 1
1 31 22 4 1 0 0 0 10 1 0 0 0 11 15 -4 2 0 3 0 0 5 0 6 0 0 3 1
20 8 -4 1 2 2 0 0 2 2 7 0 0 5 18 6 2 2 1 0 0 5 3 3 0 0 0 0
3 23 19 4 1 0 0 0 7 2 2 0 0 12 14 -5 1 1 3 0 0 4 2 5 0 0 5 1
9 15 1 4 1 0 0 0 4 3 4 0 0 19 9 -6 1 1 3 0 0 2 3 6 0 0 2 1
17 10 -4 3 1 1 0 0 3 1 7 0 0 15 11 -7 0 2 3 0 0 3 2 6 0 0 1 1
18 10 -7 2 1 2 0 0 2 4 5 0 0 7 17 -3 1 1 3 0 0 5 2 4 0 0 0 2
14 13 -6 2 0 3 0 0 4 1 6 0 0 9 15 4 2 0 3 0 0 4 3 4 0 0 2 1
16 11 -7 1 2 2 0 0 3 2 6 0 0 2 28 13 3 1 1 0 0 9 1 1 0 0 0 1
10 15 0 3 1 1 0 0 4 3 4 0 0 5 19 1 3 1 1 0 0 6 1 4 0 0 5 1
14 13 -4 3 0 2 0 0 4 1 6 0 0 10 16 -9 2 0 3 0 0 5 1 5 0 0 4 0
9 16 0 4 0 2 0 0 5 1 6 0 0 19 9 -4 1 0 5 0 0 2 3 7 0 0 0 0
5 19 6 3 1 2 0 0 5 4 3 0 0 8 18 2 0 2 4 0 0 5 3 4 0 0 4 0
11 16 -13 3 1 2 0 0 5 1 6 0 0 15 12 -7 0 3 3 0 0 3 3 6 0 0 2 0
6 19 -3 3 0 3 0 0 6 1 5 0 0 3 26 23 3 1 2 0 0 8 2 2 0 0 1 0
12 15 3 2 3 1 0 0 4 3 5 0 0 17 11 -8 2 0 4 0 0 3 2 7 0 0 1 0
14 14 -9 3 1 2 0 0 4 2 6 0 0 19 10 -9 0 3 3 0 0 2 4 6 0 0 1 1
2 31 14 6 0 0 0 0 10 1 1 0 0 8 18 4 1 2 3 0 0 5 3 4 0 0 4 0
20 9 -7 1 2 3 0 0 2 3 7 0 0 12 16 -5 2 1 3 0 0 5 1 6 0 0 0 2
6 20 -1 4 1 1 0 0 6 2 4 0 0 1 34 24 6 0 0 0 0 11 1 0 0 0 0 4
13 15 -6 3 0 3 0 0 5 0 7 0 0 16 11 -4 0 0 6 0 0 3 2 7 0 0 0 1
19 10 -4 1 3 2 0 0 2 4 7 0 0 8 19 -11 2 0 4 0 0 6 1 6 0 0 1 0
1 37 28 5 1 0 0 0 12 1 0 0 0 14 15 -9 1 1 4 0 0 4 3 6 0 0 5 1
7 19 -3 3 0 3 0 0 6 1 6 0 0 4 22 10 2 3 1 0 0 6 4 3 0 0 1 0
3 26 22 5 1 0 0 0 8 2 3 0 0 2 34 18 4 1 1 0 0 11 1 1 0 0 2 0
11 18 -2 5 1 0 0 0 5 3 5 0 0 12 17 0 1 1 4 0 0 5 2 6 0 0 2 5
15 14 -3 3 2 1 0 0 4 2 7 0 0 8 20 -5 2 1 3 0 0 6 2 5 0 0 1 1
18 11 -9 2 1 3 0 0 2 5 6 0 0 5 22 -2 3 1 2 0 0 7 1 5 0 0 2 3
19 11 -9 1 2 3 0 0 3 2 8 0 0 20 9 -9 1 1 4 0 0 2 3 8 0 0 0 0
17 12 -9 3 0 3 0 0 3 3 7 0 0 13 15 -7 2 0 4 0 0 5 0 8 0 0 1 1
11 18 0 4 1 1 0 0 5 3 5 0 0 10 18 4 2 0 4 0 0 5 3 5 0 0 1 2
20 10 -9 1 2 4 0 0 2 4 8 0 0 11 18 -1 1 2 4 0 0 5 3 6 0 0 2 2
5 22 9 4 1 2 0 0 6 4 4 0 0 18 12 -9 2 0 5 0 0 3 3 8 0 0 4 0
16 13 -3 2 3 2 0 0 3 4 7 0 0 12 18 -5 0 2 5 0 0 5 3 6 0 0 0 1
9 20 3 4 1 2 0 0 6 2 6 0 0 6 22 -2 3 1 3 0 0 7 1 6 0 0 1 1
7 21 5 3 3 1 0 0 6 3 5 0 0 3 29 24 3 1 3 0 0 9 2 3 0 0 2 3
15 15 -13 3 2 2 0 0 4 3 7 0 0 14 15 -3 1 0 6 0 0 4 3 7 0 0 1 0
2 34 16 7 0 0 0 0 11 1 2 0 0 20 11 -10 0 4 3 0 0 2 5 7 0 0 6 0
10 21 -5 4 1 2 0 0 6 3 5 0 0 17 13 -9 0 3 4 0 0 3 4 7 0 0 4 0
5 25 -1 4 0 3 0 0 8 1 5 0 0 1 40 32 7 0 0 0 0 13 1 0 0 0 1 2
12 19 -12 4 1 2 0 0 6 1 7 0 0 14 16 -7 2 1 4 0 0 5 1 8 0 0 0 2
7 23 -2 4 0 3 0 0 7 2 6 0 0 16 13 -4 1 1 5 0 0 3 4 8 0 0 1 1
18 12 -13 1 3 3 0 0 3 3 9 0 0 9 21 3 2 1 4 0 0 6 3 6 0 0 0 0
17 13 -13 3 1 3 0 0 3 4 8 0 0 14 18 -12 1 1 5 0 0 5 3 7 0 0 0 1
11 19 -1 4 1 2 0 0 5 4 6 0 0 4 25 13 2 3 2 0 0 7 4 4 0 0 0 2
1 43 33 6 1 0 0 0 14 1 0 0 0 2 37 22 4 1 2 0 0 12 1 2 0 0 4 1
3 32 25 6 1 0 0 0 10 2 3 0 0 19 11 -9 1 2 4 0 0 2 5 8 0 0 2 2
13 19 -5 3 0 4 0 0 6 1 8 0 0 6 24 -1 2 2 3 0 0 7 3 5 0 0 0 1
10 21 -4 5 1 1 0 0 6 3 6 0 0 14 19 -14 2 0 5 0 0 6 1 8 0 0 0 1
15 15 -4 3 3 1 0 0 4 3 8 0 0 6 25 -2 4 1 2 0 0 8 1 6 0 0 0 1
20 11 -16 2 1 4 0 0 2 5 8 0 0 10 21 4 3 0 4 0 0 6 3 6 0 0 0 0
19 12 -9 1 3 4 0 0 2 6 8 0 0 20 12 -16 0 4 4 0 0 2 6 8 0 0 2 0
10 22 -13 4 1 3 0 0 7 1 8 0 0 6 27 0 3 2 3 0 0 8 3 5 0 0 3 0
9 22 3 4 2 2 0 0 6 4 6 0 0 13 19 -3 1 3 4 0 0 5 4 7 0 0 2 1
2 37 19 8 0 0 0 0 12 1 3 0 0 15 15 -5 1 0 7 0 0 4 3 9 0 0 1 0
11 21 -5 5 1 2 0 0 6 3 7 0 0 9 24 -2 3 2 3 0 0 7 3 6 0 0 4 2
12 21 -11 4 2 2 0 0 6 3 7 0 0 14 19 -6 3 1 4 0 0 6 1 9 0 0 0 2
4 28 15 5 1 2 0 0 8 4 4 0 0 3 33 25 4 1 3 0 0 10 3 3 0 0 3 2
17 14 -4 2 3 3 0 0 3 5 8 0 0 18 13 -13 2 0 6 0 0 3 4 9 0 0 1 2
5 28 -1 4 0 4 0 0 9 1 6 0 0 19 13 -14 0 3 5 0 0 3 4 9 0 0 1 2
11 22 4 3 3 2 0 0 6 4 6 0 0 1 46 36 8 0 0 0 0 15 1 0 0 0 1 3
12 22 -4 3 0 5 0 0 7 1 9 0 0 5 28 -2 5 1 2 0 0 9 1 7 0 0 1 2
20 12 -18 2 2 4 0 0 2 6 9 0 0 4 31 16 3 3 2 0 0 9 4 4 0 0 1 0
15 16 -12 1 4 3 0 0 4 4 9 0 0 9 24 -3 1 2 5 0 0 7 3 7 0 0 1 2
6 27 -3 5 1 2 0 0 8 3 6 0 0 13 21 -13 2 1 5 0 0 6 3 8 0 0 3 1
14 19 -4 4 1 3 0 0 5 4 8 0 0 19 14 -5 1 2 5 0 0 3 5 9 0 0 1 0
1 49 38 7 1 0 0 0 16 1 0 0 0 18 15 -7 1 3 4 0 0 3 6 8 0 0 4 0
17 15 -6 3 3 2 0 0 4 3 10 0 0 11 22 2 3 1 4 0 0 6 4 7 0 0 3 1
15 16 -13 3 1 4 0 0 4 4 9 0 0 2 40 20 4 1 3 0 0 13 1 3 0 0 1 1
3 33 24 6 2 0 0 0 10 3 4 0 0 8 25 4 2 2 4 0 0 7 4 6 0 0 4 3
9 25 -10 5 1 3 0 0 8 1 8 0 0 10 24 -4 3 2 4 0 0 7 3 7 0 0 3 1
14 21 -15 4 2 3 0 0 6 3 9 0 0 7 28 -8 3 0 5 0 0 9 1 8 0 0 1 2
18 15 -11 2 3 4 0 0 3 6 9 0 0 15 18 -4 1 0 8 0 0 5 3 10 0 0 1 0
20 14 -6 2 3 4 0 0 3 5 10 0 0 3 36 25 4 1 4 0 0 11 3 4 0 0 0 0
11 22 0 3 3 3 0 0 6 4 8 0 0 16 17 -13 1 3 5 0 0 4 5 9 0 0 3 1
8 27 -2 6 1 2 0 0 8 3 7 0 0 12 22 -3 1 3 5 0 0 6 4 8 0 0 2 0
2 41 20 9 0 0 0 0 13 2 3 0 0 13 22 -5 4 1 4 0 0 7 1 10 0 0 2 0
4 31 15 6 1 2 0 0 9 4 5 0 0 1 52 42 9 0 0 0 0 17 1 0 0 0 1 3
5 31 -1 4 0 5 0 0 10 1 7 0 0 8 30 -1 3 2 4 0 0 9 3 6 0 0 2 0
9 25 3 5 2 2 0 0 7 4 7 0 0 20 15 -17 0 4 5 0 0 3 6 9 0 0 1 1
11 24 -6 4 1 3 0 0 7 3 8 0 0 18 16 -13 3 0 6 0 0 4 4 10 0 0 2 2
16 18 -10 3 3 4 0 0 4 6 9 0 0 18 17 -15 1 3 6 0 0 4 5 10 0 0 3 2
11 25 -6 4 2 3 0 0 7 4 8 0 0 12 22 -5 1 3 6 0 0 6 4 9 0 0 1 1
17 17 -13 1 4 4 0 0 4 5 10 0 0 6 31 -7 4 0 5 0 0 10 1 8 0 0 2 0
5 31 13 6 1 3 0 0 9 4 6 0 0 16 18 -5 1 0 9 0 0 5 3 11 0 0 1 1
9 26 3 5 3 2 0 0 7 5 7 0 0 1 55 44 10 0 0 0 0 18 1 0 0 0 3 2
2 44 22 10 0 0 0 0 14 2 3 0 0 8 30 -3 3 2 5 0 0 9 3 7 0 0 2 0
20 15 -6 2 4 4 0 0 3 6 10 0 0 19 16 -17 0 5 5 0 0 3 7 9 0 0 2 1
11 25 2 4 3 3 0 0 7 4 8 0 0 13 22 -7 4 1 5 0 0 7 1 11 0 0 2 0
7 30 0 7 1 2 0 0 9 3 7 0 0 3 37 25 4 2 4 0 0 11 4 4 0 0 0 5
4 34 1 5 0 5 0 0 11 1 7 0 0 15 21 -16 2 1 6 0 0 6 3 10 0 0 1 1
17 19 -5 4 3 2 0 0 5 4 11 0 0 9 29 4 2 2 5 0 0 8 5 7 0 0 1 1
20 16 -18 3 2 4 0 0 3 7 10 0 0 7 30 -5 2 2 5 0 0 9 3 8 0 0 2 3
8 30 -5 6 1 2 0 0 9 3 8 0 0 10 28 4 3 1 5 0 0 8 4 8 0 0 2 1
13 22 -9 3 0 6 0 0 7 1 12 0 0 15 21 -9 1 3 5 0 0 5 6 9 0 0 0 0
15 22 -16 4 2 4 0 0 6 4 10 0 0 2 47 24 4 2 3 0 0 15 2 3 0 0 3 0
1 55 43 8 1 0 0 0 18 1 1 0 0 18 18 -5 1 2 6 0 0 4 6 10 0 0 5 1
19 17 -16 3 2 4 0 0 4 5 11 0 0 7 32 13 3 3 3 0 0 9 5 6 0 0 2 3
8 31 -9 6 1 3 0 0 10 1 9 0 0 4 35 1 6 1 2 0 0 11 2 7 0 0 3 0
3 40 30 7 2 0 0 0 12 4 4 0 0 11 26 -6 3 2 5 0 0 7 5 8 0 0 4 0
13 23 -5 5 1 3 0 0 6 5 9 0 0 17 20 -11 3 1 6 0 0 5 5 10 0 0 3 0
10 28 3 5 3 3 0 0 8 4 9 0 0 13 25 -13 2 2 6 0 0 7 4 10 0 0 2 2
15 22 -9 4 3 4 0 0 5 7 9 0 0 8 33 -4 3 2 6 0 0 10 3 8 0 0 3 2
12 26 -10 4 3 3 0 0 7 5 9 0 0 20 16 -19 0 5 6 0 0 3 7 11 0 0 3 1
17 20 -14 2 4 4 0 0 5 5 11 0 0 3 43 34 5 2 4 0 0 13 4 4 0 0 1 0
18 18 -9 3 4 4 0 0 4 6 11 0 0 16 20 -5 1 1 9 0 0 5 5 11 0 0 1 0
2 47 21 11 0 0 0 0 15 2 4 0 0 5 35 -2 6 1 3 0 0 11 2 8 0 0 1 0
4 35 14 6 2 3 0 0 10 5 6 0 0 15 23 -9 4 1 6 0 0 7 2 12 0 0 1 1
9 30 4 6 3 2 0 0 8 6 7 0 0 19 17 -17 1 3 7 0 0 4 5 12 0 0 3 0
12 26 -2 6 1 3 0 0 7 5 9 0 0 6 34 -6 4 0 6 0 0 11 1 9 0 0 2 1
7 33 -4 7 1 3 0 0 10 3 8 0 0 1 58 47 10 0 1 0 0 19 1 1 0 0 1 1
18 20 -6 4 4 2 0 0 5 5 12 0 0 6 34 -4 3 2 5 0 0 10 4 8 0 0 0 1
20 16 -21 3 2 5 0 0 3 7 12 0 0 16 23 -13 3 1 7 0 0 6 5 11 0 0 0 3
9 33 -5 7 1 2 0 0 10 3 9 0 0 4 36 14 4 3 3 0 0 10 6 6 0 0 1 2
19 17 -20 3 2 5 0 0 4 5 13 0 0 17 21 -8 1 2 7 0 0 5 6 11 0 0 1 1
3 43 33 8 2 0 0 0 13 4 5 0 0 11 29 -1 1 4 6 0 0 8 5 9 0 0 4 1
14 26 -13 5 2 4 0 0 7 5 10 0 0 15 25 -8 1 4 5 0 0 6 7 9 0 0 0 4
1 59 47 9 1 0 0 0 19 2 1 0 0 12 29 -8 3 2 6 0 0 8 5 9 0 0 6 1
7 34 -7 7 1 3 0 0 11 1 10 0 0 2 50 22 4 2 4 0 0 16 2 4 0 0 2 1
16 24 -9 3 1 6 0 0 7 3 12 0 0 8 33 7 2 3 5 0 0 9 6 7 0 0 1 2
8 35 -3 5 1 5 0 0 11 2 9 0 0 10 29 3 3 1 6 0 0 8 5 9 0 0 0 0
11 29 -4 7 1 3 0 0 8 5 10 0 0 20 16 -24 0 5 7 0 0 3 7 13 0 0 3 1
12 29 -13 5 3 3 0 0 8 5 10 0 0 18 20 -7 1 1 10 0 0 5 5 13 0 0 3 1
14 26 -10 3 4 4 0 0 7 5 11 0 0 1 62 52 10 1 1 0 0 20 2 1 0 0 1 2
4 39 15 6 3 3 0 0 11 6 6 0 0 15 26 -17 2 3 6 0 0 7 5 11 0 0 1 0
17 22 -8 4 4 4 0 0 5 7 11 0 0 16 24 -10 4 2 6 0 0 7 3 13 0 0 1 0
13 28 -4 5 3 4 0 0 7 7 9 0 0 8 36 -3 6 1 4 0 0 11 3 9 0 0 1 0
3 46 36 9 2 0 0 0 14 4 5 0 0 6 37 -6 4 0 7 0 0 12 1 10 0 0 2 0
7 36 8 7 3 2 0 0 10 6 7 0 0 9 33 -6 3 2 7 0 0 10 3 10 0 0 1 1
12 30 3 5 4 3 0 0 8 6 9 0 0 2 50 21 4 2 5 0 0 16 2 5 0 0 0 3
5 37 -3 7 2 3 0 0 11 4 8 0 0 19 18 -20 1 3 8 0 0 4 6 13 0 0 2 0
15 26 -18 5 2 5 0 0 7 5 12 0 0 6 37 8 3 3 5 0 0 10 7 7 0 0 1 3
1 65 53 10 1 0 0 0 21 2 1 0 0 10 32 -2 1 4 7 0 0 9 5 10 0 0 2 1
20 16 -26 3 2 6 0 0 3 7 14 0 0 3 49 38 5 2 5 0 0 15 4 5 0 0 1 2
19 18 -22 3 3 5 0 0 4 6 14 0 0 11 32 -11 3 2 7 0 0 9 5 10 0 0 1 3
17 24 -11 3 1 7 0 0 7 3 14 0 0 6 40 -1 4 2 5 0 0 12 4 8 0 0 2 2
2 53 24 12 0 0 0 0 17 2 5 0 0 12 31 -3 2 4 5 0 0 8 7 9 0 0 1 0
18 20 -9 4 4 3 0 0 5 5 14 0 0 14 26 -11 4 1 7 0 0 7 5 12 0 0 2 1
7 37 -8 8 1 3 0 0 12 1 11 0 0 13 30 0 3 2 6 0 0 8 6 10 0 0 1 2
8 36 -4 5 2 5 0 0 11 3 10 0 0 4 42 16 5 3 3 0 0 12 6 6 0 0 3 0
10 34 -6 7 1 3 0 0 10 4 10 0 0 16 25 -7 1 3 7 0 0 6 7 11 0 0 0 2
9 35 -9 6 3 3 0 0 10 5 10 0 0 17 25 -11 4 2 7 0 0 7 4 14 0 0 2 0
20 16 -27 3 2 7 0 0 3 7 15 0 0 9 37 -9 4 0 8 0 0 12 1 12 0 0 0 0
14 28 -5 5 4 4 0 0 7 7 11 0 0 16 26 -20 2 3 7 0 0 7 5 13 0 0 0 1
3 52 39 10 2 0 0 0 16 4 5 0 0 1 68 54 11 1 1 0 0 22 2 1 0 0 2 1
5 41 -1 8 2 3 0 0 12 5 8 0 0 10 34 -8 3 3 7 0 0 10 4 11 0 0 2 2
13 31 -4 6 3 4 0 0 8 7 10 0 0 11 33 1 4 2 6 0 0 9 6 10 0 0 0 0
16 26 -12 3 4 5 0 0 7 5 13 0 0 19 18 -24 1 3 9 0 0 4 6 15 0 0 1 2
4 42 13 7 3 3 0 0 12 6 7 0 0 2 56 25 5 2 5 0 0 18 2 5 0 0 0 0
6 40 10 7 4 2 0 0 11 7 7 0 0 7 39 -1 6 1 5 0 0 12 3 10 0 0 3 3
12 32 -3 8 1 3 0 0 9 5 11 0 0 18 23 -8 1 1 11 0 0 6 5 14 0 0 4 1
7 40 -1 6 2 5 0 0 12 4 10 0 0 15 28 -6 2 3 7 0 0 7 7 12 0 0 2 1
1 68 53 11 1 0 0 0 22 2 2 0 0 20 17 -27 0 5 8 0 0 3 8 15 0 0 2 0
19 21 -23 3 3 6 0 0 5 6 15 0 0 10 35 0 1 4 8 0 0 10 5 11 0 0 2 1
9 38 -9 8 1 4 0 0 12 2 12 0 0 13 32 -4 2 4 6 0 0 8 8 10 0 0 2 0
12 34 1 5 4 4 0 0 9 7 10 0 0 4 43 13 5 3 4 0 0 12 7 7 0 0 1 1
14 29 -19 5 2 6 0 0 8 5 13 0 0 6 42 -1 4 3 5 0 0 12 6 8 0 0 1 0
2 57 25 13 0 0 0 0 18 3 5 0 0 7 41 10 4 3 5 0 0 11 8 7 0 0 0 1
19 23 -11 5 4 3 0 0 6 5 15 0 0 3 55 40 6 2 5 0 0 17 4 5 0 0 1 2
12 35 -8 7 1 4 0 0 10 5 11 0 0 9 38 -7 4 2 7 0 0 11 5 10 0 0 0 0
17 25 -13 3 2 7 0 0 7 4 15 0 0 16 26 -13 4 1 8 0 0 7 5 14 0 0 0 0
20 17 -29 3 3 7 0 0 3 8 16 0 0 19 23 -12 1 1 12 0 0 6 5 16 0 0 3 1
9 39 -7 7 3 3 0 0 11 6 10 0 0 14 32 -18 3 3 7 0 0 9 5 13 0 0 1 0
2 58 41 11 2 0 0 0 18 4 5 0 0 18 24 -22 2 3 9 0 0 6 6 15 0 0 5 2
5 44 11 7 5 2 0 0 12 8 7 0 0 11 35 1 4 3 6 0 0 9 8 10 0 0 4 1
7 42 -2 8 3 3 0 0 12 6 9 0 0 6 43 0 6 2 5 0 0 13 4 10 0 0 3 0
1 71 55 12 1 0 0 0 23 2 2 0 0 9 41 -7 4 1 8 0 0 13 2 12 0 0 3 1
16 27 -13 3 4 6 0 0 7 6 14 0 0 10 36 -8 3 4 7 0 0 10 6 11 0 0 1 1
6 44 13 7 4 3 0 0 12 8 7 0 0 13 32 -6 2 4 7 0 0 8 8 11 0 0 0 2
15 28 -7 5 4 5 0 0 7 7 13 0 0 3 57 24 5 3 5 0 0 18 3 6 0 0 0 2
11 35 -1 9 1 3 0 0 10 5 12 0 0 17 26 -13 4 2 8 0 0 7 5 15 0 0 4 0
19 23 -14 5 4 4 0 0 6 5 17 0 0 1 74 57 11 1 2 0 0 24 2 2 0 0 2 2
11 37 -8 7 2 4 0 0 10 7 11 0 0 10 38 3 1 4 9 0 0 11 5 12 0 0 1 0
9 41 -9 9 1 4 0 0 13 2 13 0 0 6 44 11 5 4 4 0 0 12 8 8 0 0 1 3
17 26 -17 3 3 7 0 0 7 5 16 0 0 2 61 44 7 2 5 0 0 19 4 5 0 0 1 1
3 60 26 13 0 1 0 0 19 3 6 0 0 6 45 1 4 3 6 0 0 13 6 9 0 0 1 1
13 35 -4 6 4 4 0 0 9 8 11 0 0 4 47 14 5 3 5 0 0 13 8 7 0 0 2 2
19 24 -25 4 3 6 0 0 6 6 16 0 0 20 20 -27 0 5 9 0 0 4 8 16 0 0 2 3
12 35 -2 5 5 4 0 0 9 8 11 0 0 15 28 -9 2 3 8 0 0 7 7 14 0 0 1 3
14 32 -19 6 2 6 0 0 9 5 14 0 0 16 28 -13 4 2 8 0 0 7 7 14 0 0 1 0
7 43 -3 7 2 5 0 0 13 4 11 0 0 8 42 -6 4 3 7 0 0 12 6 10 0 0 0 0
16 28 -14 3 5 6 0 0 7 7 15 0 0 7 44 -3 6 2 6 0 0 13 5 11 0 0 1 5
1 75 57 13 1 0 0 0 24 3 2 0 0 19 24 -26 2 3 10 0 0 6 6 17 0 0 5 0
20 23 -26 4 3 7 0 0 5 8 16 0 0 17 27 -17 4 2 9 0 0 7 6 16 0 0 3 2
2 62 44 12 2 0 0 0 19 5 5 0 0 10 40 -7 3 5 7 0 0 11 7 11 0 0 5 1
4 48 14 8 5 2 0 0 13 9 7 0 0 5 47 13 6 4 4 0 0 13 8 8 0 0 4 2
19 24 -14 5 5 4 0 0 6 6 17 0 0 9 41 -11 4 1 9 0 0 13 2 14 0 0 0 2
8 43 -6 8 3 3 0 0 12 7 10 0 0 3 61 26 6 3 5 0 0 19 4 6 0 0 0 0
15 31 -7 5 4 6 0 0 8 7 14 0 0 12 36 -4 3 4 7 0 0 9 9 11 0 0 0 2
7 46 1 9 3 3 0 0 13 7 9 0 0 13 35 -4 4 3 7 0 0 9 8 12 0 0 2 1
12 38 2 10 1 3 0 0 11 5 13 0 0 14 35 -18 3 3 8 0 0 10 5 14 0 0 2 1
7 47 1 7 3 5 0 0 14 5 11 0 0 10 41 3 1 4 10 0 0 12 5 13 0 0 3 3
12 39 -2 6 5 4 0 0 10 9 11 0 0 5 49 2 4 4 6 0 0 14 7 9 0 0 3 3
11 40 -11 8 2 4 0 0 11 7 12 0 0 18 26 -25 1 5 9 0 0 6 8 16 0 0 0 4
7 47 11 7 4 4 0 0 13 8 9 0 0 15 31 -9 3 3 8 0 0 8 7 15 0 0 1 0
13 35 -5 5 5 5 0 0 9 8 13 0 0 8 44 -6 4 4 7 0 0 12 8 10 0 0 2 1
14 35 -19 7 2 6 0 0 10 5 15 0 0 2 65 48 7 3 5 0 0 20 5 5 0 0 0 3
3 62 26 13 1 1 0 0 19 5 6 0 0 17 28 -18 4 2 9 0 0 7 7 16 0 0 5 0
9 44 -9 9 1 5 0 0 14 2 14 0 0 4 51 16 5 4 5 0 0 14 9 7 0 0 0 2
18 27 -18 3 4 7 0 0 7 6 17 0 0 1 78 62 11 2 2 0 0 25 3 2 0 0 0 3
20 24 -31 4 3 7 0 0 6 6 18 0 0 19 24 -16 1 1 13 0 0 6 6 18 0 0 1 0
19 27 -30 5 3 7 0 0 7 6 18 0 0 9 44 -11 5 1 9 0 0 14 2 15 0 0 1 1
1 81 65 14 1 0 0 0 26 3 2 0 0 12 40 -15 3 5 8 0 0 11 7 13 0 0 1 0
17 28 -23 3 5 7 0 0 7 7 17 0 0 13 38 -4 4 3 8 0 0 10 8 13 0 0 1 1
2 68 51 13 2 0 0 0 21 5 5 0 0 7 48 1 7 2 6 0 0 14 6 11 0 0 3 1
6 50 2 10 3 3 0 0 14 8 9 0 0 5 50 12 6 4 5 0 0 14 8 9 0 0 5 1
16 29 -21 5 3 7 0 0 7 8 16 0 0 14 35 -22 3 3 9 0 0 10 5 16 0 0 1 1
9 44 -7 8 4 3 0 0 12 8 11 0 0 11 40 -2 4 4 7 0 0 10 10 11 0 0 0 2
15 31 -10 5 4 7 0 0 8 7 16 0 0 4 54 18 6 4 5 0 0 15 9 7 0 0 0 0
10 42 3 11 1 3 0 0 12 6 13 0 0 3 65 31 6 4 5 0 0 20 5 6 0 0 0 1
20 24 -17 5 5 5 0 0 6 6 19 0 0 19 27 -21 4 2 10 0 0 7 6 18 0 0 2 1
8 45 -11 9 1 6 0 0 14 3 15 0 0 15 32 -10 3 3 9 0 0 8 8 16 0 0 2 2
14 36 -22 7 2 7 0 0 10 6 16 0 0 1 84 66 12 2 2 0 0 27 3 2 0 0 2 2
3 68 32 14 1 1 0 0 21 5 6 0 0 2 71 53 8 3 5 0 0 22 5 5 0 0 1 2
12 40 -16 8 2 5 0 0 11 7 14 0 0 19 27 -16 1 1 14 0 0 7 6 19 0 0 0 1
20 27 -22 3 4 8 0 0 7 6 19 0 0 18 28 -30 2 3 11 0 0 7 7 18 0 0 3 2
10 43 0 6 6 4 0 0 11 10 11 0 0 19 29 -23 4 2 10 0 0 7 8 17 0 0 0 1
6 50 8 8 4 4 0 0 14 8 10 0 0 9 44 -9 4 4 8 0 0 12 8 12 0 0 2 1
4 55 18 9 5 2 0 0 15 10 7 0 0 5 53 6 4 5 6 0 0 15 8 9 0 0 4 2
13 39 -4 6 5 5 0 0 10 9 13 0 0 11 42 2 1 5 10 0 0 12 6 14 0 0 1 1
7 48 -1 7 4 5 0 0 14 6 12 0 0 18 30 -21 2 5 9 0 0 7 9 16 0 0 1 1
18 30 -15 6 5 5 0 0 8 6 19 0 0 14 37 -22 3 4 9 0 0 10 7 16 0 0 1 1
18 31 -21 5 4 7 0 0 7 10 16 0 0 3 68 31 7 4 5 0 0 21 5 7 0 0 0 0
16 32 -22 3 6 7 0 0 8 8 17 0 0 5 53 9 6 4 6 0 0 15 8 10 0 0 1 0
2 74 54 14 2 0 0 0 23 5 5 0 0 12 40 -4 4 4 8 0 0 10 10 13 0 0 4 3
6 53 4 11 3 3 0 0 15 8 10 0 0 15 33 -10 3 4 9 0 0 8 9 16 0 0 4 0
1 85 66 15 1 0 0 0 27 4 2 0 0 7 49 -1 7 2 7 0 0 14 7 12 0 0 4 2
20 28 -31 5 4 7 0 0 7 7 19 0 0 13 40 -17 3 5 9 0 0 11 7 15 0 0 1 1
19 30 -21 4 4 8 0 0 8 6 19 0 0 8 46 -11 5 2 9 0 0 14 4 15 0 0 3 0
10 43 2 11 1 4 0 0 12 7 14 0 0 11 43 -1 5 4 7 0 0 11 10 12 0 0 3 0
10 44 -10 8 4 4 0 0 12 8 13 0 0 4 58 20 6 5 5 0 0 16 10 7 0 0 2 1
19 31 -15 6 6 5 0 0 8 7 19 0 0 3 69 31 7 5 5 0 0 21 6 7 0 0 1 3
2 77 55 15 2 0 0 0 24 5 5 0 0 6 53 8 6 4 7 0 0 15 8 11 0 0 6 2
12 41 -17 8 2 6 0 0 11 8 15 0 0 17 33 -18 4 2 11 0 0 9 6 19 0 0 0 0
14 38 -22 7 3 7 0 0 10 8 16 0 0 20 29 -31 2 3 12 0 0 7 8 19 0 0 2 1
11 43 -4 6 6 5 0 0 11 10 13 0 0 2 80 59 9 3 5 0 0 25 5 5 0 0 1 1
17 33 -14 5 5 7 0 0 8 9 17 0 0 8 47 -9 4 4 9 0 0 13 8 13 0 0 1 0
13 40 -5 6 6 5 0 0 10 10 14 0 0 18 32 -21 2 6 9 0 0 7 11 16 0 0 1 0
3 72 33 14 1 2 0 0 22 6 7 0 0 1 88 68 12 3 2 0 0 28 4 2 0 0 1 2
6 53 4 9 4 4 0 0 15 8 12 0 0 9 46 5 1 6 10 0 0 13 7 14 0 0 0 0
10 46 -14 9 2 6 0 0 14 4 16 0 0 5 56 8 4 5 7 0 0 16 8 10 0 0 0 4
7 49 -3 7 5 5 0 0 14 7 13 0 0 19 31 -17 2 1 14 0 0 8 7 20 0 0 1 0
5 58 19 10 5 2 0 0 16 10 8 0 0 16 35 -21 5 2 10 0 0 9 8 17 0 0 2 2
9 47 -10 9 4 4 0 0 13 8 14 0 0 5 59 12 5 5 7 0 0 17 8 10 0 0 0 1
16 36 -21 4 6 7 0 0 9 9 17 0 0 15 36 -13 3 4 10 0 0 9 9 17 0 0 3 0
8 47 5 12 1 4 0 0 13 8 14 0 0 4 59 19 6 5 6 0 0 16 11 8 0 0 1 2
1 91 69 16 1 0 0 0 29 4 2 0 0 12 43 -4 4 4 9 0 0 11 10 14 0 0 2 1
18 32 -22 5 5 7 0 0 7 11 17 0 0 11 44 -4 5 4 8 0 0 11 11 13 0 0 2 0
13 42 -17 8 3 6 0 0 11 9 15 0 0 10 46 -18 5 2 10 0 0 14 4 17 0 0 2 3
17 34 -18 5 4 8 0 0 9 7 19 0 0 14 41 -21 3 5 9 0 0 11 8 16 0 0 1 2
20 29 -32 5 5 7 0 0 7 8 20 0 0 7 52 -2 7 2 8 0 0 15 7 13 0 0 1 0
12 44 -20 8 3 7 0 0 12 8 16 0 0 14 42 -18 3 6 9 0 0 11 9 16 0 0 0 1
3 72 32 14 1 3 0 0 22 6 8 0 0 19 32 -31 2 3 13 0 0 8 8 20 0 0 0 0
11 44 -6 6 7 5 0 0 11 11 14 0 0 1 94 70 13 3 2 0 0 30 4 2 0 0 0 2
10 47 -11 9 4 5 0 0 13 8 15 0 0 8 49 -17 6 2 10 0 0 15 4 17 0 0 1 2
6 54 4 9 5 4 0 0 15 9 12 0 0 17 35 -20 2 6 10 0 0 8 11 17 0 0 3 1
16 36 -16 6 5 7 0 0 9 9 18 0 0 9 47 4 1 7 10 0 0 13 8 15 0 0 2 1
7 52 -3 8 5 5 0 0 15 7 14 0 0 18 34 -19 4 3 11 0 0 9 7 20 0 0 4 0
4 62 20 10 6 2 0 0 17 11 8 0 0 2 81 59 9 4 5 0 0 25 6 5 0 0 3 3
13 43 -5 7 6 5 0 0 11 10 15 0 0 20 31 -18 2 1 15 0 0 8 7 21 0 0 0 2
5 62 13 12 3 3 0 0 18 8 10 0 0 15 39 -18 5 3 10 0 0 10 9 17 0 0 1 0
1 97 72 17 1 0 0 0 31 4 2 0 0 6 57 6 6 4 8 0 0 16 9 12 0 0 4 1
18 34 -16 6 6 6 0 0 9 7 21 0 0 12 44 -8 5 4 9 0 0 11 11 15 0 0 1 0
17 35 -22 6 5 7 0 0 8 11 18 0 0 5 63 20 7 5 6 0 0 17 12 8 0 0 0 1
16 39 -19 5 6 7 0 0 10 9 18 0 0 10 47 -12 4 4 10 0 0 13 8 16 0 0 2 0
11 45 -17 8 3 7 0 0 12 9 16 0 0 7 55 1 7 2 9 0 0 16 7 14 0 0 1 1
20 33 -31 6 5 7 0 0 8 9 20 0 0 14 43 -7 4 4 10 0 0 11 10 16 0 0 4 2
8 52 -16 9 2 7 0 0 16 4 17 0 0 13 44 -21 4 5 9 0 0 12 8 17 0 0 2 2
2 82 59 16 2 0 0 0 25 7 5 0 0 15 39 -15 3 4 11 0 0 10 9 18 0 0 4 2
19 34 -23 5 4 9 0 0 9 7 21 0 0 3 73 32 8 5 5 0 0 22 7 8 0 0 1 3
9 47 3 12 1 5 0 0 13 8 16 0 0 4 65 14 6 5 7 0 0 19 8 10 0 0 4 3
